1 94 397
1 120 141
1 140 1102
1 140 1463
1 140 1500
1 148 551
1 302 394
1 302 689
1 320 690
1 430 196
1 456 430
1 492 141
1 492 1250
1 551 94
1 551 1219
1 563 141
1 690 1274
1 727 1614
1 971 94
1 971 148
1 971 302
1 971 1427
1 980 563
1 1041 94
1 1101 551
1 1101 690
1 1102 120
1 1219 1360
1 1360 94
1 1463 543
1 1463 1360
1 1463 1370
1 1500 394
1 1500 689
1 1500 1773
1 1550 141
1 1579 1041
1 1583 686
1 1614 427
1 1614 769
1 1614 1505
1 2010 769
1 2038 769
1 2062 1377
1 2070 1250
1 2099 686
1 2099 980
1 2099 1492
1 2122 1377
1 2122 1773
1 3167 686
1 3167 1614
1 3167 1773
2 206 686
2 206 1463
2 206 1505
2 302 1550
2 320 206
2 320 980
2 320 1492
2 394 120
2 394 493
2 394 1500
2 427 302
2 427 320
2 427 1492
2 427 1614
2 492 1102
2 492 1370
2 493 686
2 543 397
2 551 148
2 551 1274
2 689 1550
2 769 140
2 769 394
2 769 1370
2 946 543
2 946 1219
2 946 1463
2 980 394
2 980 1500
2 1042 1219
2 1274 551
2 1370 686
2 1370 1463
2 1377 397
2 1377 1219
2 1377 1274
2 1463 563
2 1480 3167
2 1492 563
2 1500 1492
2 1500 1550
2 1505 120
2 1583 394
2 1583 427
2 1583 492
2 1614 251
2 1639 1505
2 1716 689
2 1716 1480
2 1716 1505
2 1773 394
2 1773 492
2 2000 563
2 2010 1505
2 2070 251
