 ... families to be selected ...   24
 ... coefficients for utility function ...    1.  10.  10.
  ... parents ...           59
  ... crosses ...          108
  ... random number seed ...     42754659    93111629
    2  689 1550
    2  980 1500
    2 1773  492
    2  427 1614
    2  394 1500
    1 2099  980
    2  551  148
    2 1370 1463
    2 1463  563
    1  148  551
    1  492 1250
    1  563  141
    2 1377 1219
    1  140 1463
    2  769  140
    2 1480 3167
    1 1500  689
    1 1500  394
    1 1463 1370
    1 3167 1773
    1 1614  427
    1 1614  769
    1 2122 1377
    1 1219 1360
  140    0    0    0
  141   -1   -1   -1
  148    0    0    0
  394    0    0    0
  427    0    0    0
  492    0    0    0
  551    0    0    0
  563    0    0    0
  689    0    0    0
  769    0    0    0
  980    0    0    0
 1219    0    0    0
 1250   -1   -1   -1
 1360   -1   -1   -1
 1370    0    0    0
 1377    0    0    0
 1463    2    0    0
 1480   -1    1    1
 1500    2    0    0
 1550   -1   -1    1
 1583   -1    1    1
 1614    1    1   -1
 1773   -1   -1   -1
 2099   -1    1   -1
 2122   -1    1   -1
 3167    0    0    0
 ... final function value ...   176.
 ... dot products ...    18.   10.   10.
