 ... families to be selected ...   24
 ... coefficients for utility function ...  100.   1.   1.
  ... parents ...           59
  ... crosses ...          108
  ... random number seed ...     89801159    68054395
    1 1614  769
    1  320  690
    1 2122 1773
    1 1550  141
    1  551 1219
    2 1274  551
    2 1773  492
    2  492 1102
    1 1463 1370
    1  120  141
    2 1370 1463
    1 1614 1505
    1  140 1102
    1  302  394
    2  689 1550
    2 1505  120
    1 2122 1377
    2 1377 1219
    1  690 1274
    2  427  320
    2  427  302
    2  394 1500
    2  769  140
    1 1500  689
  120   -1   -1    1
  140    0    0    0
  141   -1   -1   -1
  302    0    0    0
  320    0    0    0
  394    1   -1   -1
  427    0    2    2
  492    0    0    2
  551    0    0    0
  689    0    0    0
  690    0    0   -2
  769    0    0    0
 1102    0   -2    0
 1219    0   -2    0
 1274    0    0    0
 1370    0    0    0
 1377    0    0    0
 1463    0    0    0
 1500    1    1   -1
 1505    0    0    0
 1550    0    0    0
 1614    0    2   -2
 1773    0    0    0
 2122    0    2   -2
 ... final function value ...    48.
 ... dot products ...     4.   24.   24.
