 ... families to be selected ...   24
 ... coefficients for utility function ...  500.   1.  10.
  ... parents ...           59
  ... crosses ...          108
  ... random number seed ...     45882892    20972888
    1 1614  427
    1  302  689
    2  551  148
    1  302  394
    1 2099 1492
    2 1370  686
    1  140 1500
    1  492 1250
    2  427 1614
    2 1505  120
    1 2010  769
    2  769  140
    2 1463  563
    1  120  141
    1 1463 1370
    2 1500 1492
    2 1583  492
    1  980  563
    1 1583  686
    1  148  551
    1 1550  141
    2  980  394
    2  689 1550
    2 2010 1505
  120    0    0    0
  140    1    1   -1
  141    0   -2   -2
  148    0    0    0
  302   -1    1   -1
  394    0   -2    0
  427    0    0    0
  492    0    0    0
  551    0    0    0
  563    0   -2    0
  686    0   -2    0
  689   -1    1    1
  769    0    0    0
  980    0    2    0
 1102   -1   -1   -1
 1250   -1   -1   -1
 1370    0    0    0
 1463    0    2    0
 1492    0   -2    0
 1500    0    0    0
 1505    0    0    2
 1550    0    0    0
 1583    0    2    0
 1614    0    0    0
 2010    0    2    0
 2099   -1    1   -1
 ... final function value ...  1182.
 ... dot products ...     6.   42.   14.
