 ... families to be selected ...   24
 ... coefficients for utility function ...   10.  10.   1.
  ... parents ...           59
  ... crosses ...          108
  ... random number seed ...     32304280    49072052
    1 1614  427
    2 1716 1480
    2  492 1102
    1 1219 1360
    1   94  397
    1 1360   94
    2  427  302
    2  394 1500
    1 1550  141
    2  689 1550
    2  427 1614
    1 2122 1377
    1 1463 1370
    2 1773  492
    2 1377 1219
    1 1102  120
    1  302  394
    2 1480 3167
    2 1370 1463
    1  120  141
    1  148  551
    1 1500  689
    2  551  148
    1 3167 1773
   94    1   -1   -3
  120    0    0   -2
  141    0   -2   -2
  148    0    0    0
  302    0    0    0
  394    0    0    0
  397   -1   -1   -1
  427    1    1    1
  492    0    0    2
  551    0    0    0
  689    0    0    0
  971   -1    1   -1
 1102    0    0    0
 1219    0    0    0
 1360    0    0   -2
 1370    0    0    0
 1377    0    0    0
 1463    0    0    0
 1480   -1    1    1
 1500    0    0    0
 1550    0    0    0
 1614    0    0    0
 1773    0    0    0
 2122   -1    1   -1
 3167    0    0    0
 ... final function value ...   148.
 ... dot products ...     6.   10.   30.
