 ... families to be selected ...   24
 ... coefficients for utility function ...  500.   1.   5.
  ... parents ...           59
  ... crosses ...          108
  ... random number seed ...      5860744    13486850
    2  769  140
    2 1773  394
    2  980 1500
    1 1500 1773
    2  427 1614
    1  980  563
    1 1463 1370
    1 1550  141
    1 2099 1492
    2  302 1550
    2 2010 1505
    1   94  397
    2 1492  563
    1 1463  543
    1 2099  686
    1 2010  769
    1  492  141
    1  140 1102
    1 1614  427
    2  492 1102
    2 1370  686
    1  302  394
    2  543  397
    1 1614 1505
  140    0    0    0
  141    0   -2   -2
  302    0    2    0
  394    0   -2    0
  397   -1   -1    1
  427    1    1    1
  492    0    2    0
  543    0    0    0
  563    0   -2    0
  686    0   -2    0
  769    0    0    0
  980    0    2    0
 1102    0   -2    0
 1370    0    0    0
 1463    0    2   -2
 1492    1   -1    1
 1500    0    0    0
 1505    0   -2    0
 1550    0    0    0
 1614    1    1   -1
 1773    0    0    0
 2010    0    2    0
 2099    0    2   -2
 ... final function value ...  1124.
 ... dot products ...     4.   52.   16.
