 ... families to be selected ...   24
 ... coefficients for utility function ...   10.  10.   1.
  ... parents ...           59
  ... crosses ...          108
  ... random number seed ...      7356342    47450374
    1  148  551
    2  427 1614
    1 1463 1370
    2 1716 1480
    1 1219 1360
    1 2122 1377
    2  394 1500
    1 1360   94
    2 1773  492
    2  769  140
    1  140 1102
    2 1480 3167
    1 1500  689
    1 1550  141
    2 1370 1463
    1 2038  769
    2  689 1550
    2  427  302
    1 1614  427
    1 3167 1773
    1  302  394
    2 1377 1219
    2  551  148
    1  492 1250
   94   -1   -1   -1
  140    0    0    0
  141   -1   -1   -1
  148    0    0    0
  302    0    0    0
  394    0    0    0
  427    1    1    1
  492    0    0    0
  551    0    0    0
  689    0    0    0
  769    0    0    0
 1102   -1   -1   -1
 1219    0    0    0
 1250   -1   -1   -1
 1360    0    0   -2
 1370    0    0    0
 1377    0    0    0
 1463    0    0    0
 1480    0    0    2
 1500    0    0    0
 1550    0    0    0
 1614    0    0    0
 1716   -1    1    1
 1773    0    0    0
 2038   -1    1   -1
 2122   -1    1   -1
 3167    0    0    0
 ... final function value ...   176.
 ... dot products ...     8.    8.   16.
