 ... families to be selected ...   24
 ... coefficients for utility function ...  500.   1.   5.
  ... parents ...           59
  ... crosses ...          108
  ... random number seed ...     85205932    27948162
    2  427 1614
    2 1370 1463
    1 2062 1377
    1 1614  769
    2  427  320
    1 1101  551
    2  980 1500
    1  320  690
    1 1360   94
    1 1219 1360
    1 1550  141
    2  689 1550
    1 2099  980
    1  302  689
    2 1377 1219
    1 1463 1370
    1  492  141
    1 1101  690
    2  492 1102
    2  769  140
    1  140 1102
    2  394 1500
    1  551   94
    1  302  394
   94    0   -2   -2
  140    0    0    0
  141    0   -2   -2
  302    0    2   -2
  320    0    0    0
  394    0    0    0
  427    0    2    2
  492    0    2    0
  551    0    0   -2
  689    0    0    0
  690    0   -2   -2
  769    0    0    0
  980    0    0    0
 1101    0    2   -2
 1102    0   -2    0
 1219    0    0    0
 1360    0    0   -2
 1370    0    0    0
 1377    0    0    0
 1463    0    0    0
 1500    0   -2    2
 1550    0    0    0
 1614    0    0    0
 2062   -1    1   -1
 2099   -1    1   -1
 ... final function value ...  1228.
 ... dot products ...     2.   38.   38.
